"X1","X2","X3","X4","X5","X6","X7","X8","X9","X10","X11","X12","X13","X14","X15","X16","X17","X18","X19","X20","X21","X22","X23","X24","X25","X26","X27","X28","X29","X30","X31","X32","X33","X34","X35","X36","X37","X38","X39","X40","X41","X42","X43","X44","X45","X46","X47","X48","X49","X50","X51","X52","X53","X54","X55","X56","X57","X58","X59","X60","X61","X62","X63","X64","X65","X66","X67","X68","X69","X70","X71","X72","X73","X74","X75","X76","X77","X78","X79","X80","X81","X82","X83","X84","X85","X86","X87","X88","X89","X90","X91","X92","X93","X94","X95","X96","X97","X98","X99","X100","X101","X102","X103","X104","X105","X106","X107","X108","X109","X110","X111","X112"
-53,-61,-8,-41,-101,-37,-54,-62,-96,-106,-93,-70,-7,-66,-38,-78,-23,-46,-88,-29,-94,-76,-95,-107,-110,-89,-31,-100,-55,-4,-73,-108,-98,-77,-22,-68,-14,-90,-111,-64,-15,-87,-27,-20,-60,-44,-86,-25,-80,-9,-57,-24,-47,-74,-1,-71,-97,-12,-19,-63,-112,-43,-51,-35,-105,-67,-109,-32,-2,-102,-75,-59,-21,-72,-17,-33,-83,-91,-3,-39,-52,-104,-82,-103,-50,-65,-5,-18,-84,-99,-42,-11,-49,-79,-56,-40,-36,-6,-10,-81,-48,-16,-45,-85,-26,-13,-34,-69,-28,-58,-92,-30
-88,-79,-71,-43,-102,-95,-104,-16,-92,-80,-76,-52,-78,-5,-28,-73,-82,-111,-51,-83,-64,-55,-86,-30,-109,-22,-31,-97,-49,-75,-32,-42,-14,-60,-33,-54,-10,-98,-84,-100,-3,-4,-44,-108,-2,-99,-107,-91,-101,-18,-9,-46,-15,-19,-34,-53,-41,-77,-67,-85,-17,-13,-11,-96,-48,-81,-74,-72,-105,-66,-39,-21,-93,-25,-62,-56,-35,-36,-38,-94,-57,-63,-24,-45,-59,-110,-65,-40,-6,-7,-103,-23,-50,-70,-26,-27,-29,-69,-61,-89,-87,-47,-1,-106,-8,-12,-37,-90,-112,-58,-68,-20
-102,-86,-6,-18,-4,-94,-85,-51,-99,-30,-96,-39,-15,-22,-33,-59,-64,-19,-89,-93,-61,-78,-2,-12,-97,-75,-21,-67,-88,-68,-60,-24,-80,-105,-65,-26,-17,-9,-83,-73,-66,-107,-100,-49,-62,-38,-13,-42,-104,-16,-10,-29,-91,-53,-14,-45,-103,-25,-5,-69,-57,-20,-32,-46,-110,-109,-111,-63,-52,-72,-84,-47,-43,-36,-37,-54,-101,-76,-58,-23,-40,-11,-27,-95,-1,-44,-8,-48,-87,-106,-70,-98,-92,-82,-77,-81,-31,-71,-34,-74,-7,-108,-79,-41,-112,-28,-90,-50,-35,-55,-56,-3
-9,-103,-19,-69,-94,-76,-112,-35,-63,-84,-85,-23,-51,-68,-15,-73,-81,-37,-42,-102,-16,-30,-57,-49,-71,-61,-14,-46,-18,-8,-79,-96,-92,-80,-28,-13,-47,-38,-67,-70,-59,-75,-89,-98,-11,-99,-1,-20,-40,-66,-27,-78,-109,-2,-24,-111,-45,-7,-4,-60,-65,-62,-56,-12,-104,-44,-90,-101,-25,-55,-31,-48,-88,-29,-77,-74,-3,-52,-33,-53,-39,-34,-87,-106,-43,-86,-50,-17,-36,-110,-95,-26,-100,-93,-58,-6,-105,-54,-64,-91,-82,-32,-107,-97,-22,-10,-21,-108,-83,-41,-72,-5
-43,-27,-39,-45,-83,-99,-5,-112,-36,-18,-68,-94,-28,-11,-100,-9,-12,-62,-22,-60,-71,-72,-101,-26,-96,-109,-103,-50,-31,-77,-52,-55,-105,-64,-106,-14,-33,-10,-44,-95,-56,-59,-54,-46,-20,-49,-61,-13,-88,-30,-67,-29,-2,-7,-25,-84,-47,-69,-6,-98,-80,-78,-51,-81,-70,-107,-58,-102,-104,-97,-91,-53,-15,-3,-57,-38,-1,-8,-87,-82,-34,-40,-85,-111,-63,-42,-41,-93,-65,-37,-17,-32,-48,-86,-76,-4,-74,-79,-24,-108,-110,-90,-66,-75,-21,-23,-92,-35,-73,-16,-89,-19
-18,-85,-51,-81,-66,-57,-72,-84,-88,-13,-77,-8,-68,-17,-9,-34,-110,-24,-45,-94,-5,-78,-82,-98,-15,-64,-30,-83,-28,-61,-49,-62,-56,-44,-65,-108,-38,-42,-111,-33,-10,-11,-112,-46,-80,-91,-106,-36,-74,-23,-7,-27,-105,-96,-21,-58,-39,-25,-73,-107,-67,-20,-29,-97,-75,-26,-32,-3,-55,-60,-86,-40,-6,-47,-63,-70,-12,-31,-59,-90,-76,-104,-103,-79,-89,-93,-71,-95,-4,-52,-100,-35,-99,-69,-19,-16,-48,-53,-109,-54,-102,-50,-2,-92,-14,-41,-87,-43,-101,-1,-37,-22
-111,-68,-47,-87,-3,-49,-57,-23,-43,-31,-70,-84,-18,-7,-106,-22,-40,-75,-101,-45,-93,-89,-13,-39,-82,-81,-94,-76,-91,-36,-32,-26,-44,-65,-9,-11,-30,-17,-77,-112,-95,-108,-34,-97,-83,-52,-85,-59,-27,-15,-6,-2,-100,-66,-104,-37,-53,-60,-10,-62,-103,-20,-73,-5,-107,-96,-19,-33,-78,-1,-64,-25,-14,-24,-21,-12,-80,-46,-28,-72,-51,-105,-98,-88,-110,-42,-109,-92,-55,-41,-50,-99,-56,-16,-74,-4,-38,-54,-8,-29,-58,-69,-86,-90,-79,-63,-35,-102,-48,-61,-71,-67
-39,-91,-68,-104,-21,-17,-37,-56,-65,-101,-7,-90,-94,-20,-19,-49,-66,-88,-62,-74,-41,-50,-81,-10,-73,-98,-89,-26,-38,-111,-16,-32,-33,-84,-48,-23,-58,-97,-110,-46,-35,-86,-14,-51,-54,-4,-72,-76,-60,-53,-67,-52,-95,-105,-29,-34,-55,-8,-112,-47,-109,-107,-36,-57,-87,-106,-75,-3,-22,-2,-31,-63,-40,-28,-71,-77,-42,-61,-27,-59,-108,-78,-24,-44,-79,-85,-69,-5,-6,-1,-102,-70,-45,-93,-82,-18,-96,-83,-13,-92,-103,-12,-100,-99,-25,-11,-43,-9,-80,-64,-30,-15
-14,-41,-27,-110,-50,-32,-68,-43,-72,-93,-33,-42,-12,-88,-69,-51,-11,-103,-89,-17,-3,-73,-46,-62,-66,-94,-82,-15,-83,-59,-31,-1,-74,-26,-28,-64,-25,-80,-67,-47,-53,-58,-60,-48,-21,-38,-61,-106,-20,-85,-13,-102,-108,-29,-8,-39,-36,-81,-92,-22,-78,-112,-49,-97,-6,-84,-98,-105,-91,-100,-54,-40,-79,-56,-52,-95,-37,-34,-16,-5,-4,-76,-71,-19,-55,-99,-44,-45,-2,-90,-111,-86,-70,-24,-10,-87,-107,-101,-77,-63,-57,-75,-23,-9,-30,-109,-35,-7,-104,-65,-18,-96
-2,-61,-12,-110,-46,-99,-111,-83,-22,-19,-13,-8,-4,-35,-39,-9,-26,-79,-41,-98,-38,-74,-31,-91,-101,-100,-88,-47,-68,-40,-109,-70,-10,-28,-17,-59,-55,-80,-63,-3,-14,-112,-81,-95,-36,-43,-106,-58,-23,-52,-85,-42,-33,-77,-64,-34,-94,-57,-93,-27,-97,-66,-6,-30,-44,-108,-103,-84,-60,-48,-92,-29,-37,-87,-104,-72,-15,-69,-82,-75,-16,-96,-86,-5,-21,-65,-78,-25,-50,-89,-90,-32,-1,-51,-45,-71,-53,-54,-105,-20,-49,-62,-76,-107,-102,-11,-67,-7,-24,-56,-73,-18
-71,-35,-13,-93,-10,-33,-89,-31,-62,-43,-18,-53,-54,-12,-4,-20,-47,-51,-104,-110,-82,-29,-26,-34,-49,-90,-108,-84,-66,-59,-79,-25,-28,-107,-48,-3,-55,-16,-22,-88,-46,-56,-67,-60,-52,-57,-97,-106,-76,-99,-19,-98,-86,-8,-109,-112,-32,-92,-61,-11,-95,-70,-27,-83,-96,-101,-44,-38,-102,-42,-94,-65,-72,-50,-30,-1,-5,-63,-87,-23,-2,-80,-81,-40,-6,-69,-100,-77,-17,-74,-58,-7,-105,-41,-21,-36,-14,-68,-24,-78,-111,-73,-75,-85,-91,-39,-9,-103,-45,-64,-15,-37
-109,-19,-88,-54,-81,-32,-49,-63,-80,-68,-22,-51,-18,-16,-4,-107,-43,-95,-90,-26,-98,-23,-84,-3,-47,-73,-112,-48,-96,-53,-67,-15,-83,-85,-66,-9,-102,-93,-46,-44,-70,-42,-13,-104,-62,-75,-2,-34,-77,-82,-33,-29,-52,-8,-91,-35,-60,-5,-37,-65,-111,-69,-41,-108,-50,-87,-55,-36,-7,-92,-105,-57,-12,-14,-24,-64,-6,-39,-86,-27,-20,-56,-17,-94,-97,-78,-40,-1,-10,-28,-100,-11,-31,-76,-101,-38,-25,-74,-61,-89,-71,-103,-30,-58,-45,-59,-21,-110,-72,-79,-99,-106
-83,-71,-58,-68,-86,-48,-90,-25,-28,-17,-77,-98,-35,-60,-96,-63,-75,-27,-42,-61,-80,-89,-72,-41,-3,-23,-95,-22,-112,-13,-26,-50,-19,-53,-49,-76,-55,-111,-93,-8,-87,-74,-20,-54,-29,-57,-94,-31,-65,-34,-44,-32,-15,-82,-56,-64,-88,-91,-107,-81,-109,-78,-69,-97,-105,-59,-40,-18,-14,-11,-46,-38,-2,-67,-85,-9,-104,-84,-6,-103,-30,-7,-36,-39,-102,-10,-92,-70,-5,-99,-100,-43,-110,-73,-16,-4,-47,-37,-1,-66,-21,-45,-101,-51,-33,-52,-12,-106,-24,-108,-62,-79
-27,-101,-11,-63,-88,-56,-4,-28,-24,-96,-60,-37,-42,-2,-51,-29,-36,-91,-103,-71,-90,-46,-95,-59,-12,-75,-18,-77,-54,-92,-3,-19,-87,-104,-73,-61,-67,-99,-102,-83,-79,-33,-31,-9,-85,-20,-62,-93,-76,-45,-1,-112,-41,-94,-84,-80,-26,-13,-17,-34,-97,-52,-53,-57,-82,-110,-100,-21,-111,-107,-22,-86,-38,-10,-48,-6,-5,-78,-47,-25,-74,-50,-108,-8,-106,-105,-68,-70,-66,-109,-32,-72,-35,-89,-7,-23,-81,-44,-49,-65,-40,-69,-55,-14,-15,-43,-30,-98,-64,-16,-58,-39
-31,-24,-42,-93,-9,-68,-39,-84,-69,-102,-61,-70,-72,-18,-111,-25,-27,-101,-97,-36,-26,-91,-103,-87,-57,-40,-104,-52,-64,-98,-46,-15,-80,-13,-5,-62,-105,-63,-108,-10,-34,-94,-106,-86,-41,-1,-37,-85,-53,-12,-19,-4,-30,-55,-75,-92,-29,-67,-48,-76,-16,-44,-3,-11,-110,-95,-23,-89,-71,-65,-54,-33,-90,-2,-66,-56,-96,-21,-83,-32,-58,-7,-49,-43,-14,-73,-79,-51,-82,-35,-78,-99,-81,-77,-50,-22,-59,-100,-20,-60,-112,-8,-107,-38,-109,-6,-17,-88,-28,-47,-74,-45
-73,-40,-105,-96,-42,-59,-108,-112,-12,-1,-75,-78,-60,-19,-53,-23,-88,-82,-106,-90,-9,-13,-24,-57,-69,-51,-14,-63,-35,-67,-22,-36,-28,-95,-4,-84,-81,-92,-103,-44,-89,-86,-102,-94,-33,-110,-46,-104,-87,-37,-100,-41,-71,-85,-109,-25,-77,-64,-26,-17,-50,-74,-3,-38,-21,-99,-45,-39,-15,-6,-70,-32,-30,-7,-29,-55,-5,-76,-107,-27,-101,-111,-61,-65,-34,-49,-54,-43,-52,-31,-72,-58,-56,-16,-10,-8,-68,-47,-20,-83,-98,-11,-93,-97,-91,-66,-62,-18,-48,-79,-80,-2
-46,-37,-63,-24,-104,-14,-45,-56,-58,-27,-33,-77,-80,-12,-103,-41,-20,-102,-2,-64,-66,-50,-81,-3,-75,-79,-83,-87,-32,-38,-85,-51,-107,-40,-18,-52,-97,-22,-68,-23,-61,-43,-70,-90,-26,-47,-11,-72,-53,-88,-16,-105,-67,-59,-49,-95,-60,-62,-76,-55,-112,-86,-73,-109,-108,-98,-99,-71,-7,-93,-101,-5,-74,-92,-19,-34,-30,-57,-96,-6,-94,-25,-17,-42,-89,-39,-35,-4,-9,-65,-48,-100,-82,-78,-15,-69,-29,-28,-91,-110,-111,-44,-13,-54,-8,-31,-1,-36,-21,-84,-106,-10
-52,-111,-77,-1,-59,-94,-90,-57,-93,-105,-7,-4,-66,-5,-100,-14,-82,-65,-67,-74,-24,-53,-25,-84,-21,-68,-107,-22,-32,-81,-37,-34,-83,-44,-54,-79,-11,-108,-27,-48,-2,-89,-36,-15,-73,-10,-33,-75,-72,-43,-28,-42,-50,-8,-56,-92,-49,-46,-97,-41,-20,-95,-62,-19,-63,-112,-106,-26,-87,-96,-60,-17,-13,-99,-80,-30,-78,-6,-16,-98,-38,-109,-55,-104,-71,-12,-51,-45,-23,-31,-101,-69,-70,-64,-76,-9,-40,-103,-102,-35,-3,-39,-110,-91,-85,-29,-47,-86,-18,-61,-58,-88
-55,-88,-27,-62,-97,-111,-72,-44,-66,-14,-10,-51,-69,-16,-98,-37,-75,-110,-34,-6,-68,-99,-78,-41,-80,-49,-108,-91,-24,-19,-35,-67,-109,-43,-20,-8,-89,-2,-33,-101,-65,-7,-1,-83,-32,-57,-71,-81,-56,-38,-64,-77,-85,-92,-36,-18,-82,-29,-17,-39,-102,-50,-3,-31,-59,-96,-58,-73,-23,-79,-95,-63,-105,-53,-21,-22,-47,-46,-28,-5,-30,-86,-84,-70,-54,-106,-93,-13,-112,-74,-103,-40,-42,-90,-104,-25,-52,-107,-15,-61,-45,-9,-48,-4,-60,-12,-26,-94,-87,-11,-76,-100
-23,-15,-101,-5,-32,-14,-109,-58,-63,-64,-50,-40,-104,-73,-46,-77,-112,-103,-66,-75,-62,-70,-55,-4,-49,-79,-107,-16,-67,-26,-31,-17,-88,-100,-96,-8,-30,-27,-44,-21,-90,-45,-7,-76,-3,-74,-81,-98,-105,-38,-72,-92,-89,-61,-42,-13,-110,-6,-11,-78,-68,-18,-20,-65,-86,-95,-82,-60,-93,-10,-35,-51,-2,-83,-94,-106,-34,-84,-108,-69,-71,-33,-102,-24,-52,-43,-25,-9,-1,-56,-47,-97,-59,-111,-28,-29,-85,-12,-87,-99,-39,-36,-19,-48,-22,-80,-57,-91,-41,-53,-54,-37
-43,-49,-61,-51,-14,-32,-60,-47,-94,-19,-74,-40,-36,-39,-62,-50,-71,-104,-16,-31,-65,-11,-6,-13,-87,-84,-101,-90,-80,-69,-109,-45,-110,-95,-66,-9,-48,-77,-100,-57,-38,-42,-82,-86,-5,-22,-55,-53,-21,-52,-78,-7,-17,-35,-27,-97,-41,-23,-56,-105,-96,-44,-64,-81,-25,-89,-103,-30,-72,-58,-34,-3,-59,-15,-108,-112,-106,-70,-67,-73,-93,-91,-20,-111,-18,-46,-2,-63,-29,-75,-79,-54,-98,-99,-102,-4,-88,-28,-37,-107,-92,-85,-33,-24,-76,-1,-10,-68,-26,-12,-8,-83
-17,-64,-106,-16,-32,-8,-2,-75,-104,-40,-43,-98,-91,-33,-54,-97,-39,-56,-23,-27,-14,-70,-95,-92,-37,-55,-111,-15,-9,-107,-101,-7,-48,-96,-29,-20,-4,-76,-108,-1,-31,-67,-13,-62,-5,-3,-110,-35,-83,-86,-73,-44,-78,-45,-59,-6,-52,-87,-11,-46,-103,-80,-74,-10,-26,-112,-109,-100,-77,-49,-85,-88,-66,-50,-42,-36,-90,-79,-25,-53,-82,-22,-99,-94,-71,-72,-93,-89,-63,-47,-105,-41,-81,-19,-24,-68,-61,-21,-57,-102,-84,-69,-58,-38,-18,-34,-60,-28,-12,-30,-51,-65
-92,-78,-48,-66,-82,-99,-51,-61,-18,-87,-26,-9,-103,-46,-104,-84,-73,-90,-41,-60,-6,-44,-13,-36,-8,-108,-91,-55,-54,-15,-47,-69,-71,-21,-50,-93,-20,-3,-38,-28,-112,-105,-96,-11,-34,-35,-74,-76,-27,-77,-2,-64,-107,-49,-52,-85,-65,-16,-45,-95,-62,-97,-63,-100,-25,-101,-7,-22,-111,-81,-53,-17,-70,-80,-30,-79,-1,-31,-67,-5,-68,-10,-89,-110,-29,-37,-72,-40,-94,-56,-109,-57,-86,-12,-23,-58,-83,-75,-102,-106,-43,-39,-59,-42,-4,-19,-14,-88,-32,-33,-98,-24
-15,-96,-54,-98,-57,-97,-109,-93,-76,-14,-77,-106,-43,-42,-61,-46,-9,-82,-73,-39,-2,-10,-89,-3,-81,-40,-111,-47,-29,-58,-11,-8,-83,-38,-72,-23,-6,-27,-110,-100,-34,-107,-30,-67,-31,-75,-108,-36,-95,-88,-4,-20,-50,-60,-53,-56,-80,-28,-19,-101,-104,-90,-41,-32,-49,-94,-7,-102,-13,-22,-62,-52,-26,-1,-74,-21,-68,-55,-91,-84,-66,-33,-103,-44,-112,-92,-16,-25,-70,-85,-24,-51,-63,-105,-87,-12,-45,-18,-78,-69,-86,-5,-64,-99,-35,-17,-37,-59,-48,-65,-79,-71
-39,-66,-51,-63,-9,-107,-27,-29,-105,-79,-55,-6,-61,-54,-70,-25,-50,-46,-88,-71,-13,-59,-30,-65,-85,-23,-95,-3,-109,-7,-10,-72,-98,-81,-56,-44,-108,-57,-106,-41,-31,-78,-21,-52,-94,-110,-20,-62,-36,-91,-5,-67,-12,-90,-75,-22,-68,-40,-43,-24,-77,-17,-102,-83,-97,-64,-101,-69,-87,-80,-82,-35,-19,-45,-18,-15,-11,-60,-104,-8,-58,-89,-99,-34,-93,-2,-84,-92,-49,-32,-112,-4,-1,-42,-53,-47,-38,-37,-26,-73,-16,-33,-111,-76,-28,-103,-96,-14,-74,-100,-86,-48
-1,-104,-45,-50,-66,-9,-73,-67,-106,-48,-65,-97,-40,-30,-107,-59,-99,-78,-36,-39,-91,-16,-90,-24,-38,-54,-47,-69,-82,-111,-105,-27,-75,-31,-70,-2,-76,-6,-32,-109,-20,-63,-7,-18,-72,-22,-56,-74,-85,-26,-17,-88,-11,-4,-25,-33,-57,-37,-5,-19,-43,-14,-86,-12,-96,-112,-68,-101,-64,-102,-95,-60,-98,-15,-3,-42,-58,-100,-46,-77,-110,-71,-35,-80,-29,-55,-10,-13,-23,-44,-108,-94,-53,-8,-103,-34,-52,-87,-81,-79,-89,-62,-61,-84,-93,-28,-21,-41,-83,-92,-49,-51
-31,-35,-22,-46,-63,-47,-107,-103,-85,-95,-52,-44,-3,-64,-50,-74,-88,-58,-38,-11,-32,-100,-86,-27,-91,-110,-111,-30,-109,-71,-105,-8,-106,-96,-72,-69,-108,-83,-14,-21,-33,-81,-6,-98,-2,-5,-53,-84,-92,-60,-24,-97,-59,-55,-4,-101,-16,-90,-20,-51,-77,-78,-17,-25,-23,-93,-28,-36,-40,-104,-54,-19,-76,-12,-13,-73,-18,-62,-94,-99,-34,-89,-45,-15,-82,-7,-68,-48,-112,-66,-87,-57,-75,-65,-37,-10,-42,-43,-102,-70,-61,-26,-41,-80,-9,-39,-1,-79,-29,-49,-67,-56
-96,-60,-110,-98,-76,-100,-107,-17,-59,-18,-65,-16,-64,-32,-71,-24,-31,-92,-44,-85,-89,-23,-9,-51,-72,-49,-108,-87,-11,-21,-112,-88,-95,-45,-58,-42,-35,-29,-94,-39,-14,-28,-47,-73,-25,-70,-66,-109,-55,-6,-52,-48,-57,-36,-15,-8,-93,-69,-80,-82,-56,-97,-105,-13,-27,-104,-34,-54,-10,-102,-84,-81,-101,-37,-43,-41,-61,-46,-53,-40,-74,-67,-77,-7,-79,-75,-99,-38,-68,-78,-83,-30,-3,-63,-22,-111,-4,-19,-62,-12,-91,-2,-33,-20,-50,-103,-26,-106,-86,-1,-90,-5
-3,-4,-63,-13,-54,-57,-37,-43,-34,-55,-94,-42,-66,-50,-68,-33,-58,-76,-83,-82,-10,-9,-18,-87,-111,-75,-101,-98,-1,-106,-72,-41,-79,-59,-81,-27,-85,-11,-36,-26,-12,-109,-20,-39,-70,-23,-45,-46,-71,-25,-38,-84,-67,-53,-91,-108,-17,-105,-31,-24,-73,-14,-99,-65,-100,-77,-40,-21,-92,-69,-5,-52,-28,-90,-29,-96,-107,-48,-88,-19,-93,-62,-97,-22,-102,-95,-30,-47,-78,-74,-104,-35,-60,-80,-103,-15,-110,-51,-112,-49,-61,-44,-89,-16,-2,-56,-32,-86,-8,-7,-64,-6
-16,-69,-77,-87,-37,-41,-58,-56,-23,-26,-95,-98,-54,-30,-46,-2,-15,-104,-108,-63,-20,-45,-79,-6,-107,-22,-112,-49,-13,-27,-88,-47,-72,-10,-85,-102,-33,-60,-29,-44,-70,-14,-64,-11,-19,-62,-83,-34,-67,-110,-101,-57,-48,-92,-53,-40,-3,-28,-52,-78,-97,-8,-24,-32,-31,-21,-109,-82,-17,-111,-105,-38,-12,-81,-100,-84,-91,-50,-90,-5,-7,-99,-18,-106,-71,-39,-4,-76,-75,-68,-103,-42,-1,-65,-80,-89,-43,-61,-59,-55,-36,-74,-93,-35,-51,-86,-25,-96,-9,-73,-94,-66
-18,-68,-66,-69,-24,-1,-4,-90,-22,-32,-52,-80,-107,-72,-23,-35,-71,-17,-60,-108,-42,-86,-112,-45,-2,-111,-74,-104,-48,-12,-61,-75,-82,-40,-14,-13,-33,-38,-49,-54,-89,-67,-3,-19,-10,-16,-59,-95,-84,-105,-43,-29,-57,-97,-47,-103,-31,-21,-9,-58,-73,-94,-64,-62,-77,-63,-106,-91,-87,-98,-46,-109,-8,-50,-88,-51,-65,-27,-5,-39,-110,-96,-6,-85,-34,-28,-99,-7,-36,-37,-101,-79,-55,-81,-83,-11,-100,-92,-30,-20,-26,-56,-25,-93,-41,-70,-76,-78,-53,-44,-102,-15
-30,-95,-42,-3,-100,-59,-103,-31,-64,-78,-71,-32,-36,-43,-37,-17,-75,-86,-101,-74,-80,-88,-108,-22,-104,-63,-77,-66,-67,-4,-6,-26,-93,-111,-39,-61,-109,-76,-87,-84,-7,-16,-65,-53,-19,-12,-107,-91,-50,-18,-102,-60,-110,-41,-21,-23,-97,-5,-28,-27,-46,-57,-82,-15,-105,-68,-106,-25,-85,-90,-44,-9,-14,-10,-69,-35,-20,-45,-1,-56,-34,-11,-2,-72,-89,-24,-8,-51,-47,-29,-112,-70,-79,-99,-48,-98,-52,-62,-58,-83,-13,-73,-40,-55,-54,-96,-49,-38,-94,-33,-81,-92
-76,-99,-66,-77,-96,-36,-81,-68,-83,-89,-20,-40,-58,-84,-7,-2,-6,-62,-4,-35,-41,-37,-78,-60,-24,-45,-94,-65,-38,-70,-90,-11,-55,-1,-73,-49,-61,-25,-87,-47,-64,-57,-22,-56,-19,-71,-44,-97,-101,-108,-27,-29,-75,-54,-39,-105,-33,-69,-10,-18,-92,-111,-88,-31,-80,-28,-98,-9,-106,-32,-16,-30,-46,-109,-34,-17,-74,-53,-50,-110,-63,-12,-107,-52,-93,-112,-100,-13,-67,-15,-14,-103,-82,-79,-95,-86,-72,-43,-104,-59,-3,-8,-91,-102,-42,-21,-26,-85,-51,-48,-5,-23
-106,-76,-6,-5,-84,-101,-34,-20,-80,-42,-15,-38,-28,-27,-87,-54,-82,-94,-110,-78,-9,-63,-7,-4,-97,-66,-91,-16,-59,-44,-64,-21,-104,-77,-62,-2,-89,-22,-88,-103,-33,-111,-70,-30,-96,-10,-105,-40,-74,-58,-81,-93,-25,-45,-65,-49,-69,-79,-46,-95,-86,-19,-48,-26,-98,-102,-36,-1,-18,-85,-53,-83,-35,-37,-17,-32,-100,-73,-14,-24,-23,-13,-67,-75,-31,-12,-52,-61,-56,-39,-29,-51,-41,-50,-8,-47,-11,-68,-99,-107,-92,-3,-112,-43,-55,-72,-57,-109,-108,-90,-71,-60
-8,-92,-65,-74,-34,-36,-52,-49,-37,-75,-54,-76,-39,-103,-27,-77,-56,-99,-72,-68,-51,-97,-108,-23,-38,-11,-42,-18,-78,-112,-47,-89,-55,-60,-46,-24,-50,-30,-17,-79,-111,-96,-32,-44,-48,-16,-98,-107,-12,-22,-29,-100,-101,-31,-70,-33,-59,-21,-63,-64,-85,-105,-4,-57,-20,-80,-88,-15,-43,-102,-109,-14,-84,-106,-69,-13,-67,-66,-87,-1,-83,-5,-40,-90,-58,-2,-25,-3,-81,-82,-86,-19,-26,-6,-10,-28,-7,-104,-110,-35,-73,-45,-71,-53,-93,-91,-62,-94,-95,-61,-9,-41
-71,-30,-98,-8,-81,-9,-77,-70,-54,-49,-56,-11,-28,-7,-47,-78,-87,-76,-48,-99,-100,-62,-43,-16,-45,-107,-97,-20,-69,-44,-106,-19,-5,-32,-10,-41,-46,-29,-96,-37,-104,-73,-57,-101,-111,-18,-109,-112,-15,-83,-91,-13,-72,-21,-36,-14,-53,-50,-61,-92,-94,-60,-25,-66,-38,-86,-108,-88,-27,-103,-110,-40,-6,-63,-59,-17,-95,-34,-102,-55,-39,-35,-4,-74,-89,-68,-67,-82,-80,-26,-42,-22,-79,-23,-90,-31,-64,-105,-12,-75,-85,-2,-24,-84,-65,-1,-51,-58,-3,-93,-52,-33
-25,-73,-100,-36,-69,-63,-96,-27,-53,-107,-10,-32,-7,-90,-33,-42,-51,-93,-111,-74,-56,-104,-103,-44,-13,-54,-108,-59,-6,-60,-15,-48,-39,-24,-66,-11,-55,-41,-95,-46,-29,-67,-87,-78,-97,-43,-68,-83,-71,-86,-57,-31,-50,-105,-34,-85,-80,-92,-20,-91,-72,-4,-52,-30,-102,-89,-75,-79,-5,-88,-3,-101,-81,-2,-112,-47,-1,-21,-98,-12,-64,-9,-77,-99,-23,-84,-94,-65,-19,-28,-106,-49,-22,-8,-17,-38,-58,-109,-82,-45,-61,-76,-35,-40,-16,-14,-70,-110,-37,-18,-62,-26
-20,-80,-40,-23,-45,-58,-1,-72,-19,-104,-14,-88,-30,-24,-50,-51,-52,-87,-89,-63,-60,-107,-35,-59,-108,-8,-49,-25,-62,-98,-99,-3,-111,-43,-2,-53,-86,-55,-71,-32,-11,-112,-100,-76,-21,-34,-67,-48,-91,-77,-41,-84,-42,-27,-64,-6,-79,-66,-10,-82,-69,-78,-74,-70,-29,-94,-36,-33,-47,-83,-92,-38,-93,-9,-28,-81,-106,-57,-12,-75,-5,-18,-13,-7,-22,-39,-110,-105,-37,-61,-17,-31,-56,-109,-54,-15,-26,-101,-85,-95,-103,-16,-73,-46,-44,-4,-65,-96,-68,-102,-90,-97
-60,-76,-50,-94,-62,-40,-103,-5,-10,-11,-93,-70,-86,-90,-13,-26,-47,-42,-44,-34,-2,-67,-38,-82,-21,-75,-107,-106,-8,-87,-88,-15,-66,-30,-28,-12,-63,-100,-56,-57,-104,-45,-29,-17,-4,-1,-32,-77,-95,-111,-22,-39,-110,-65,-18,-112,-25,-7,-3,-43,-19,-69,-36,-81,-89,-16,-33,-99,-108,-53,-23,-41,-109,-9,-97,-83,-105,-48,-101,-78,-46,-84,-73,-51,-80,-35,-6,-64,-96,-74,-49,-52,-98,-54,-59,-58,-102,-68,-61,-72,-71,-91,-31,-79,-37,-27,-24,-92,-14,-55,-20,-85
-28,-56,-18,-21,-31,-67,-76,-26,-69,-40,-46,-84,-10,-52,-81,-55,-9,-68,-99,-103,-70,-71,-63,-48,-106,-85,-91,-45,-19,-49,-100,-27,-7,-39,-2,-11,-8,-41,-89,-43,-111,-101,-79,-34,-77,-23,-30,-105,-96,-35,-15,-12,-66,-64,-38,-97,-62,-61,-88,-98,-74,-24,-29,-78,-92,-104,-1,-42,-108,-94,-51,-32,-83,-37,-6,-107,-53,-80,-82,-4,-112,-20,-90,-5,-65,-59,-17,-72,-60,-13,-25,-47,-36,-110,-50,-16,-86,-109,-75,-44,-73,-87,-14,-58,-33,-102,-54,-3,-93,-95,-22,-57
-41,-37,-56,-13,-2,-101,-75,-51,-86,-98,-57,-52,-73,-47,-48,-58,-44,-46,-71,-112,-14,-28,-91,-27,-61,-111,-62,-39,-8,-59,-93,-102,-35,-106,-110,-25,-10,-84,-74,-7,-55,-69,-6,-109,-42,-9,-43,-32,-107,-38,-29,-22,-21,-63,-33,-103,-87,-78,-15,-24,-16,-12,-81,-83,-96,-64,-77,-68,-94,-100,-66,-5,-18,-105,-95,-97,-23,-76,-49,-3,-30,-34,-70,-67,-40,-108,-92,-99,-80,-17,-31,-1,-20,-26,-89,-53,-85,-54,-36,-4,-45,-65,-90,-104,-19,-79,-11,-72,-88,-82,-50,-60
-35,-91,-12,-3,-110,-64,-83,-58,-92,-44,-74,-55,-84,-93,-29,-9,-38,-48,-18,-80,-42,-69,-14,-47,-73,-90,-97,-53,-25,-37,-20,-8,-22,-76,-87,-52,-101,-10,-86,-21,-60,-109,-24,-85,-79,-102,-89,-43,-32,-4,-2,-107,-11,-67,-16,-77,-36,-65,-72,-26,-5,-46,-103,-13,-99,-62,-81,-112,-104,-78,-94,-57,-49,-17,-100,-88,-66,-19,-7,-96,-95,-71,-1,-98,-63,-70,-108,-75,-50,-45,-105,-27,-28,-41,-59,-34,-33,-56,-106,-31,-82,-68,-54,-39,-40,-6,-15,-111,-51,-23,-61,-30
-39,-74,-22,-63,-76,-106,-35,-97,-2,-38,-50,-96,-53,-52,-107,-88,-14,-86,-17,-101,-7,-28,-58,-9,-110,-93,-108,-81,-94,-65,-24,-10,-99,-30,-73,-45,-77,-70,-105,-32,-72,-111,-104,-36,-100,-68,-79,-21,-69,-66,-67,-18,-49,-89,-27,-98,-42,-109,-91,-78,-59,-75,-61,-102,-57,-56,-20,-41,-25,-83,-80,-29,-40,-43,-90,-87,-54,-48,-64,-51,-23,-6,-92,-16,-95,-4,-3,-12,-15,-44,-112,-31,-62,-82,-1,-13,-47,-46,-26,-33,-34,-85,-60,-5,-103,-19,-8,-71,-11,-55,-84,-37
-4,-28,-26,-69,-5,-109,-36,-57,-14,-73,-42,-86,-87,-55,-66,-13,-81,-72,-111,-33,-3,-32,-60,-22,-71,-102,-77,-52,-48,-78,-51,-24,-21,-74,-50,-2,-59,-49,-106,-46,-27,-101,-38,-19,-15,-54,-89,-63,-98,-16,-35,-84,-23,-18,-43,-80,-17,-64,-6,-58,-82,-67,-65,-29,-7,-105,-110,-10,-83,-56,-37,-12,-94,-11,-68,-44,-45,-31,-39,-99,-53,-91,-75,-96,-97,-20,-100,-107,-92,-30,-62,-25,-112,-61,-70,-47,-90,-1,-95,-40,-104,-93,-76,-9,-34,-8,-88,-85,-103,-79,-108,-41
-54,-26,-9,-14,-38,-6,-5,-53,-103,-83,-32,-34,-39,-20,-93,-37,-49,-82,-50,-101,-71,-92,-18,-51,-80,-66,-98,-76,-1,-56,-107,-46,-94,-21,-57,-63,-84,-13,-112,-77,-81,-58,-12,-97,-41,-59,-52,-99,-70,-30,-29,-73,-74,-65,-11,-28,-15,-62,-3,-40,-86,-72,-16,-7,-27,-55,-100,-102,-88,-104,-85,-96,-44,-24,-106,-31,-110,-69,-95,-43,-25,-19,-60,-10,-68,-105,-17,-35,-23,-90,-45,-75,-61,-108,-109,-22,-2,-89,-64,-79,-87,-4,-67,-91,-42,-78,-8,-48,-33,-111,-36,-47
-87,-78,-37,-10,-41,-53,-95,-80,-98,-75,-7,-86,-28,-66,-34,-108,-43,-101,-56,-82,-62,-55,-59,-109,-61,-44,-97,-85,-24,-38,-96,-19,-58,-63,-14,-17,-23,-57,-68,-99,-69,-104,-27,-83,-8,-100,-25,-92,-91,-39,-42,-106,-107,-46,-11,-110,-54,-111,-70,-21,-64,-79,-13,-102,-3,-29,-2,-45,-93,-22,-72,-90,-6,-18,-74,-73,-65,-47,-71,-51,-49,-16,-33,-105,-76,-88,-20,-26,-67,-50,-77,-30,-4,-84,-5,-60,-36,-40,-32,-103,-35,-112,-94,-12,-1,-48,-15,-89,-9,-31,-81,-52
-105,-107,-86,-18,-83,-30,-100,-36,-34,-23,-27,-7,-58,-39,-1,-28,-98,-78,-110,-96,-51,-44,-55,-12,-53,-62,-13,-89,-92,-95,-99,-37,-60,-4,-48,-6,-24,-20,-14,-31,-112,-91,-77,-66,-65,-106,-67,-84,-3,-72,-22,-88,-97,-9,-104,-87,-82,-11,-45,-93,-70,-16,-47,-73,-19,-35,-59,-61,-80,-71,-5,-74,-50,-21,-109,-108,-90,-41,-40,-64,-81,-25,-17,-63,-26,-33,-94,-29,-79,-76,-75,-32,-42,-103,-38,-57,-8,-52,-69,-101,-111,-10,-15,-54,-49,-102,-56,-43,-68,-46,-2,-85
-23,-60,-49,-58,-71,-29,-78,-83,-67,-27,-52,-66,-40,-11,-25,-5,-15,-54,-26,-107,-30,-75,-111,-43,-57,-51,-110,-101,-81,-100,-6,-16,-93,-88,-108,-69,-20,-94,-105,-41,-34,-112,-70,-99,-36,-12,-90,-61,-59,-32,-38,-33,-96,-95,-37,-109,-74,-77,-13,-9,-80,-98,-14,-63,-86,-102,-92,-104,-48,-42,-65,-53,-103,-18,-91,-68,-19,-4,-79,-28,-87,-45,-22,-31,-2,-72,-35,-85,-1,-44,-47,-21,-39,-89,-3,-62,-106,-84,-56,-8,-55,-82,-17,-24,-64,-7,-76,-46,-97,-10,-50,-73
-11,-40,-73,-62,-30,-29,-28,-106,-24,-36,-63,-16,-77,-65,-32,-109,-89,-94,-81,-46,-53,-105,-74,-56,-110,-83,-100,-90,-18,-6,-34,-52,-87,-93,-57,-12,-51,-99,-2,-91,-104,-111,-31,-25,-42,-95,-78,-22,-21,-103,-38,-15,-10,-84,-108,-1,-4,-112,-66,-27,-76,-50,-64,-44,-26,-82,-19,-59,-33,-23,-43,-37,-8,-71,-5,-86,-55,-3,-88,-98,-97,-49,-68,-58,-70,-92,-67,-39,-79,-102,-47,-20,-48,-41,-45,-80,-17,-69,-72,-75,-7,-107,-13,-9,-96,-61,-14,-101,-60,-54,-35,-85
-88,-28,-68,-55,-61,-90,-81,-6,-46,-53,-11,-22,-2,-63,-74,-64,-86,-67,-56,-93,-80,-76,-17,-95,-59,-36,-7,-103,-75,-18,-20,-24,-94,-54,-111,-13,-77,-96,-15,-34,-38,-92,-33,-14,-40,-58,-83,-85,-66,-60,-3,-19,-101,-89,-4,-1,-27,-50,-8,-12,-112,-35,-41,-84,-71,-109,-73,-45,-97,-37,-31,-108,-62,-47,-51,-107,-43,-70,-106,-105,-25,-49,-102,-78,-48,-26,-23,-110,-100,-52,-91,-16,-44,-82,-10,-32,-21,-65,-57,-39,-99,-5,-79,-87,-42,-29,-9,-104,-98,-69,-72,-30
-103,-109,-82,-100,-4,-68,-9,-66,-110,-26,-83,-34,-19,-29,-33,-14,-77,-61,-102,-63,-69,-72,-41,-107,-93,-53,-111,-88,-59,-89,-6,-1,-43,-92,-13,-2,-70,-42,-112,-48,-30,-56,-62,-95,-75,-21,-79,-38,-5,-16,-22,-46,-58,-40,-51,-104,-91,-27,-10,-96,-97,-105,-76,-101,-90,-8,-87,-73,-106,-24,-67,-45,-25,-3,-57,-65,-37,-17,-74,-12,-39,-86,-49,-85,-99,-78,-47,-44,-20,-84,-81,-15,-32,-98,-11,-108,-52,-35,-71,-80,-64,-94,-18,-50,-31,-55,-7,-60,-54,-36,-23,-28
-9,-66,-56,-36,-7,-92,-72,-28,-90,-47,-62,-1,-12,-87,-73,-83,-58,-65,-97,-78,-70,-25,-110,-46,-91,-13,-35,-95,-2,-64,-94,-54,-74,-51,-60,-52,-21,-89,-102,-50,-24,-84,-48,-42,-59,-45,-109,-63,-103,-76,-49,-68,-69,-67,-88,-98,-34,-99,-41,-38,-93,-26,-33,-77,-3,-44,-15,-71,-57,-101,-10,-20,-104,-86,-111,-27,-22,-80,-43,-85,-39,-30,-82,-100,-37,-32,-18,-11,-8,-23,-55,-6,-75,-16,-106,-40,-112,-61,-5,-79,-31,-107,-17,-19,-4,-29,-14,-81,-96,-53,-108,-105
-40,-72,-58,-67,-33,-41,-84,-21,-99,-11,-60,-95,-10,-35,-79,-73,-78,-25,-29,-102,-109,-54,-36,-12,-69,-111,-103,-8,-55,-18,-16,-105,-87,-90,-32,-56,-9,-20,-74,-66,-83,-107,-64,-104,-49,-77,-63,-52,-51,-19,-14,-47,-22,-112,-97,-98,-85,-27,-34,-13,-2,-65,-28,-100,-81,-110,-53,-7,-106,-86,-101,-31,-42,-59,-45,-38,-94,-17,-3,-108,-48,-88,-1,-46,-6,-30,-43,-71,-57,-89,-91,-80,-76,-62,-44,-61,-5,-39,-70,-37,-75,-15,-23,-93,-26,-50,-24,-68,-96,-92,-82,-4
-32,-110,-33,-97,-62,-99,-27,-4,-71,-10,-104,-68,-64,-91,-21,-14,-95,-82,-79,-77,-39,-61,-76,-16,-106,-100,-57,-89,-67,-46,-19,-49,-86,-112,-58,-102,-59,-87,-31,-55,-28,-63,-73,-15,-12,-41,-81,-83,-54,-53,-7,-37,-108,-92,-26,-96,-94,-90,-2,-18,-103,-5,-78,-72,-52,-93,-80,-29,-65,-38,-13,-85,-47,-43,-25,-22,-23,-35,-75,-51,-98,-111,-48,-34,-74,-105,-69,-70,-88,-56,-36,-1,-45,-66,-6,-24,-30,-60,-40,-84,-50,-44,-20,-42,-109,-9,-8,-107,-11,-101,-17,-3
-24,-22,-9,-75,-105,-50,-49,-56,-55,-63,-2,-88,-59,-52,-98,-28,-64,-25,-92,-89,-47,-23,-20,-1,-27,-31,-33,-94,-6,-39,-101,-38,-110,-46,-13,-65,-67,-62,-87,-100,-76,-34,-83,-14,-108,-45,-36,-41,-95,-60,-11,-90,-26,-17,-74,-93,-7,-102,-40,-103,-35,-71,-77,-86,-70,-104,-68,-109,-85,-37,-48,-53,-3,-43,-29,-21,-57,-18,-73,-4,-69,-42,-58,-107,-91,-16,-5,-19,-97,-30,-8,-84,-12,-10,-44,-111,-80,-112,-99,-82,-106,-81,-79,-78,-15,-61,-32,-96,-72,-51,-54,-66
-52,-80,-35,-64,-7,-110,-77,-25,-2,-96,-38,-68,-37,-48,-24,-107,-54,-93,-103,-57,-50,-14,-92,-33,-85,-71,-60,-45,-94,-91,-65,-5,-104,-70,-72,-19,-4,-15,-87,-21,-74,-108,-43,-36,-99,-56,-81,-105,-23,-22,-34,-6,-75,-95,-40,-8,-111,-44,-88,-109,-97,-27,-16,-41,-69,-20,-55,-102,-31,-62,-84,-83,-42,-90,-18,-101,-82,-26,-86,-58,-9,-78,-63,-112,-76,-17,-13,-10,-89,-49,-47,-1,-98,-66,-46,-29,-53,-106,-61,-79,-59,-12,-100,-67,-11,-28,-73,-32,-3,-39,-51,-30
-21,-57,-35,-20,-88,-17,-51,-8,-112,-15,-44,-50,-61,-95,-91,-29,-98,-74,-1,-99,-31,-96,-64,-37,-86,-94,-68,-48,-69,-56,-93,-92,-78,-41,-40,-28,-60,-76,-6,-107,-46,-24,-67,-70,-7,-90,-13,-34,-3,-2,-5,-12,-84,-85,-89,-72,-103,-39,-111,-77,-109,-16,-62,-4,-101,-97,-108,-65,-33,-102,-63,-10,-43,-9,-59,-73,-26,-58,-19,-18,-106,-47,-110,-82,-87,-14,-66,-49,-55,-27,-45,-25,-11,-100,-23,-38,-79,-42,-54,-52,-30,-53,-80,-75,-22,-32,-36,-104,-71,-105,-81,-83
-71,-100,-104,-20,-75,-90,-1,-61,-89,-36,-29,-109,-21,-41,-19,-15,-97,-98,-105,-60,-101,-111,-34,-4,-92,-48,-59,-46,-35,-16,-106,-12,-85,-58,-9,-25,-40,-81,-27,-31,-91,-94,-32,-33,-68,-2,-96,-108,-77,-82,-24,-57,-44,-26,-37,-72,-69,-8,-87,-99,-18,-47,-53,-84,-6,-70,-107,-64,-67,-52,-86,-76,-55,-39,-14,-43,-79,-102,-54,-63,-66,-17,-23,-65,-95,-13,-45,-5,-73,-10,-62,-11,-42,-80,-49,-3,-74,-78,-103,-93,-50,-38,-110,-30,-88,-22,-56,-112,-51,-83,-28,-7
-17,-27,-64,-104,-107,-29,-63,-43,-9,-11,-53,-7,-1,-18,-59,-44,-94,-97,-33,-54,-81,-95,-93,-20,-82,-12,-61,-60,-109,-42,-87,-5,-36,-45,-4,-96,-57,-32,-86,-41,-46,-51,-99,-102,-34,-77,-56,-84,-101,-26,-73,-6,-85,-106,-35,-8,-55,-19,-37,-50,-62,-2,-69,-31,-24,-98,-49,-90,-100,-80,-67,-71,-10,-25,-13,-23,-74,-72,-112,-14,-105,-91,-68,-111,-79,-66,-39,-3,-30,-75,-78,-92,-21,-89,-52,-70,-28,-22,-103,-108,-76,-47,-48,-58,-16,-15,-83,-88,-110,-38,-40,-65
-65,-94,-87,-22,-23,-58,-67,-62,-15,-50,-73,-27,-40,-9,-95,-21,-14,-100,-98,-93,-55,-86,-91,-35,-33,-90,-111,-48,-101,-56,-79,-29,-72,-13,-1,-16,-78,-75,-20,-51,-59,-77,-2,-104,-4,-10,-26,-18,-54,-47,-36,-105,-37,-42,-19,-112,-25,-41,-32,-96,-103,-70,-83,-6,-107,-84,-76,-7,-82,-85,-109,-68,-99,-34,-63,-38,-71,-49,-5,-108,-81,-92,-43,-53,-52,-61,-45,-44,-80,-28,-102,-89,-88,-17,-30,-12,-11,-39,-66,-69,-46,-74,-64,-57,-60,-3,-8,-31,-106,-24,-97,-110
-21,-56,-41,-2,-73,-64,-65,-8,-32,-27,-100,-104,-112,-7,-40,-12,-50,-80,-45,-105,-76,-79,-43,-71,-82,-72,-98,-25,-94,-35,-101,-34,-75,-19,-60,-106,-77,-78,-109,-88,-6,-70,-11,-92,-68,-23,-93,-44,-54,-36,-1,-33,-74,-107,-46,-48,-4,-97,-3,-5,-111,-22,-86,-24,-69,-15,-110,-85,-67,-96,-52,-38,-49,-47,-99,-10,-61,-102,-58,-37,-16,-87,-31,-51,-63,-53,-39,-17,-9,-55,-18,-30,-83,-103,-84,-28,-91,-108,-95,-90,-62,-26,-20,-66,-89,-42,-59,-57,-14,-81,-29,-13
-44,-90,-65,-106,-93,-111,-35,-36,-91,-63,-59,-11,-112,-37,-71,-15,-68,-86,-23,-81,-26,-3,-96,-58,-42,-43,-107,-31,-47,-70,-49,-38,-77,-78,-87,-105,-60,-29,-98,-20,-99,-100,-69,-57,-8,-28,-24,-25,-104,-50,-2,-34,-66,-1,-48,-30,-101,-73,-10,-56,-45,-39,-46,-109,-32,-27,-84,-74,-108,-22,-110,-14,-61,-94,-13,-40,-52,-41,-82,-83,-51,-4,-97,-16,-72,-95,-62,-33,-5,-12,-85,-67,-80,-54,-103,-64,-76,-6,-9,-53,-75,-89,-79,-17,-19,-102,-21,-55,-88,-18,-92,-7
-12,-77,-4,-36,-9,-110,-41,-29,-97,-89,-20,-72,-82,-50,-73,-99,-88,-67,-17,-90,-31,-30,-2,-105,-107,-109,-100,-94,-14,-55,-87,-19,-64,-21,-102,-18,-58,-1,-52,-34,-35,-92,-26,-22,-15,-81,-74,-106,-68,-48,-6,-16,-49,-54,-8,-59,-56,-42,-76,-108,-24,-98,-37,-78,-79,-61,-45,-46,-103,-44,-80,-57,-23,-91,-66,-5,-39,-13,-65,-25,-43,-96,-86,-3,-71,-51,-93,-75,-60,-33,-104,-7,-10,-112,-53,-32,-63,-47,-70,-95,-84,-28,-40,-38,-69,-27,-62,-101,-11,-85,-111,-83
-48,-110,-54,-105,-57,-81,-80,-112,-38,-106,-37,-34,-11,-26,-35,-27,-74,-64,-102,-42,-15,-18,-44,-66,-98,-76,-88,-12,-43,-16,-58,-91,-67,-45,-68,-20,-87,-46,-13,-49,-9,-47,-30,-97,-5,-1,-77,-51,-79,-41,-17,-85,-69,-8,-84,-83,-19,-33,-63,-95,-96,-109,-61,-10,-103,-82,-86,-24,-3,-32,-73,-71,-4,-21,-62,-14,-25,-31,-92,-107,-29,-78,-90,-59,-99,-101,-52,-72,-65,-94,-111,-22,-75,-104,-93,-2,-55,-100,-53,-56,-60,-40,-36,-6,-89,-7,-28,-108,-23,-50,-70,-39
-12,-39,-52,-110,-45,-37,-76,-87,-47,-8,-98,-23,-40,-67,-10,-17,-20,-77,-48,-35,-56,-108,-66,-99,-85,-19,-91,-50,-21,-55,-92,-112,-111,-83,-7,-58,-11,-13,-82,-6,-36,-64,-63,-102,-1,-97,-57,-84,-75,-96,-89,-105,-69,-101,-16,-42,-107,-80,-38,-18,-53,-106,-59,-51,-100,-90,-68,-28,-109,-44,-104,-2,-72,-9,-24,-27,-22,-43,-29,-62,-79,-54,-78,-95,-81,-25,-94,-4,-5,-3,-86,-70,-61,-65,-32,-14,-73,-74,-30,-34,-103,-46,-26,-60,-93,-33,-15,-49,-88,-41,-31,-71
-38,-89,-79,-63,-75,-14,-25,-29,-64,-56,-10,-28,-94,-49,-65,-53,-62,-103,-40,-91,-6,-21,-33,-26,-107,-101,-111,-86,-70,-42,-80,-5,-112,-4,-104,-45,-31,-23,-99,-82,-44,-109,-18,-50,-11,-13,-3,-97,-46,-98,-69,-100,-24,-27,-67,-43,-88,-2,-34,-39,-102,-59,-48,-17,-77,-66,-105,-8,-108,-110,-68,-47,-87,-57,-41,-54,-61,-7,-30,-58,-60,-74,-52,-84,-92,-76,-95,-71,-36,-12,-106,-78,-35,-90,-1,-32,-55,-85,-20,-72,-83,-15,-16,-9,-93,-51,-96,-37,-19,-81,-73,-22
-77,-67,-34,-58,-110,-46,-90,-22,-74,-31,-93,-14,-36,-97,-81,-16,-30,-73,-94,-50,-10,-8,-43,-37,-15,-35,-112,-32,-66,-106,-71,-24,-3,-52,-76,-25,-82,-91,-56,-27,-45,-39,-48,-102,-42,-33,-85,-29,-105,-80,-26,-75,-21,-28,-51,-107,-61,-88,-6,-20,-4,-23,-101,-84,-78,-47,-49,-59,-53,-95,-18,-38,-1,-68,-40,-2,-11,-69,-98,-12,-57,-54,-63,-62,-72,-89,-79,-87,-100,-96,-103,-64,-5,-109,-70,-86,-92,-104,-83,-41,-65,-7,-44,-17,-111,-13,-108,-9,-99,-60,-55,-19
-89,-93,-103,-33,-78,-108,-7,-31,-105,-82,-17,-49,-45,-13,-1,-50,-60,-102,-107,-38,-26,-57,-25,-54,-92,-106,-104,-87,-3,-28,-41,-24,-109,-85,-20,-52,-34,-21,-86,-62,-63,-67,-39,-98,-70,-91,-19,-29,-48,-14,-6,-97,-46,-51,-16,-69,-68,-88,-53,-101,-83,-27,-15,-36,-11,-37,-47,-43,-72,-65,-110,-76,-9,-4,-75,-73,-35,-10,-5,-32,-64,-80,-74,-23,-55,-61,-99,-2,-42,-44,-100,-77,-90,-58,-112,-8,-12,-71,-81,-22,-94,-40,-66,-56,-59,-95,-30,-84,-79,-111,-96,-18
-24,-55,-48,-105,-95,-67,-92,-74,-100,-57,-17,-80,-75,-56,-69,-10,-84,-62,-101,-112,-51,-28,-77,-99,-97,-65,-89,-70,-36,-37,-50,-59,-64,-43,-58,-26,-72,-44,-15,-4,-79,-33,-22,-104,-11,-35,-45,-38,-27,-40,-52,-109,-29,-98,-1,-20,-46,-32,-14,-94,-47,-102,-53,-13,-19,-18,-25,-3,-49,-34,-8,-5,-23,-82,-12,-106,-7,-66,-78,-41,-71,-42,-88,-81,-68,-85,-90,-16,-111,-60,-91,-21,-2,-103,-96,-61,-87,-86,-30,-110,-107,-76,-83,-9,-6,-108,-31,-93,-63,-73,-54,-39
-49,-68,-13,-39,-84,-43,-34,-92,-22,-109,-33,-15,-104,-42,-12,-47,-72,-62,-5,-74,-18,-80,-65,-11,-87,-57,-89,-94,-58,-3,-90,-81,-32,-54,-85,-23,-107,-2,-69,-41,-7,-106,-108,-45,-21,-78,-50,-17,-31,-75,-51,-44,-96,-112,-102,-95,-53,-19,-97,-1,-83,-28,-20,-30,-93,-61,-60,-40,-27,-66,-24,-6,-73,-55,-14,-26,-63,-64,-99,-67,-48,-52,-105,-70,-77,-9,-79,-56,-29,-25,-111,-82,-59,-91,-98,-36,-8,-38,-88,-101,-76,-37,-35,-46,-10,-100,-86,-103,-16,-110,-71,-4
-49,-81,-22,-99,-50,-112,-107,-17,-35,-9,-26,-1,-39,-13,-86,-76,-69,-85,-87,-2,-108,-91,-18,-32,-72,-103,-70,-84,-67,-90,-31,-98,-45,-105,-71,-12,-93,-57,-28,-41,-73,-61,-51,-30,-4,-27,-97,-52,-19,-46,-79,-7,-100,-92,-64,-96,-54,-6,-24,-59,-66,-33,-101,-21,-111,-110,-95,-44,-43,-74,-89,-5,-14,-56,-47,-11,-29,-82,-106,-88,-109,-68,-60,-58,-78,-34,-75,-25,-83,-94,-104,-42,-53,-102,-23,-37,-80,-77,-36,-62,-20,-10,-8,-55,-3,-15,-38,-65,-16,-63,-40,-48
-26,-70,-77,-109,-51,-46,-96,-97,-105,-14,-44,-103,-90,-102,-65,-72,-16,-20,-112,-4,-81,-1,-82,-7,-92,-24,-87,-23,-53,-58,-37,-25,-89,-93,-2,-9,-36,-22,-61,-6,-8,-62,-19,-11,-56,-17,-12,-63,-52,-38,-80,-57,-84,-59,-94,-34,-71,-30,-64,-15,-48,-21,-13,-60,-29,-66,-107,-32,-40,-79,-10,-78,-99,-49,-42,-27,-67,-54,-39,-43,-69,-83,-108,-88,-98,-91,-100,-45,-74,-73,-110,-18,-33,-68,-3,-75,-85,-95,-55,-86,-106,-35,-50,-76,-5,-41,-28,-104,-111,-31,-47,-101
-32,-106,-59,-87,-15,-69,-103,-22,-65,-93,-64,-42,-71,-5,-88,-48,-62,-90,-18,-19,-68,-43,-17,-38,-100,-94,-108,-105,-14,-79,-10,-7,-29,-112,-95,-53,-28,-83,-67,-46,-98,-4,-60,-110,-86,-51,-23,-44,-89,-70,-6,-96,-35,-24,-81,-101,-61,-3,-49,-45,-102,-99,-1,-33,-11,-78,-80,-39,-111,-97,-21,-85,-27,-82,-74,-13,-66,-72,-63,-109,-47,-30,-31,-84,-77,-37,-12,-50,-75,-58,-76,-16,-92,-54,-56,-9,-57,-104,-107,-41,-40,-55,-20,-25,-2,-8,-34,-91,-26,-73,-52,-36
-49,-56,-14,-79,-45,-69,-73,-34,-33,-58,-17,-10,-93,-96,-30,-19,-41,-92,-61,-35,-57,-88,-42,-3,-21,-94,-111,-51,-110,-101,-72,-90,-102,-16,-54,-4,-66,-48,-52,-104,-44,-112,-13,-40,-1,-109,-82,-106,-75,-70,-15,-47,-83,-91,-29,-87,-107,-8,-20,-39,-89,-59,-64,-26,-85,-81,-55,-24,-74,-46,-2,-12,-95,-100,-99,-50,-25,-5,-97,-105,-60,-36,-77,-32,-80,-9,-18,-22,-103,-76,-84,-43,-65,-7,-68,-31,-28,-63,-11,-6,-62,-23,-98,-37,-53,-27,-38,-86,-108,-78,-71,-67
-59,-109,-34,-69,-103,-35,-79,-57,-42,-86,-50,-58,-47,-98,-77,-1,-107,-65,-92,-81,-12,-96,-11,-52,-68,-66,-51,-44,-32,-87,-72,-46,-45,-104,-62,-6,-80,-100,-20,-15,-75,-48,-3,-22,-61,-85,-89,-16,-53,-27,-39,-97,-24,-99,-10,-82,-60,-70,-54,-40,-90,-88,-84,-73,-13,-43,-78,-28,-21,-101,-25,-37,-17,-36,-111,-91,-30,-102,-105,-38,-71,-7,-41,-26,-93,-56,-8,-9,-67,-18,-106,-2,-23,-108,-14,-64,-55,-74,-112,-95,-49,-76,-5,-4,-31,-33,-29,-110,-94,-63,-83,-19
-8,-37,-86,-66,-102,-98,-83,-68,-58,-97,-93,-32,-17,-28,-36,-100,-74,-89,-79,-111,-4,-103,-76,-56,-81,-62,-99,-34,-101,-22,-80,-39,-105,-70,-1,-15,-13,-112,-24,-106,-51,-71,-7,-6,-38,-12,-109,-92,-108,-52,-40,-46,-33,-75,-19,-87,-26,-55,-57,-31,-73,-44,-29,-48,-61,-84,-35,-72,-85,-47,-53,-5,-9,-25,-23,-2,-91,-67,-95,-69,-60,-63,-82,-43,-18,-10,-27,-94,-107,-14,-88,-49,-16,-65,-96,-64,-78,-3,-20,-90,-50,-21,-59,-54,-30,-11,-45,-41,-110,-77,-104,-42
-77,-87,-98,-46,-59,-51,-43,-102,-94,-31,-64,-15,-38,-21,-8,-65,-16,-45,-54,-91,-53,-44,-18,-29,-3,-12,-107,-50,-70,-84,-1,-14,-112,-82,-11,-30,-80,-25,-28,-40,-106,-101,-13,-93,-6,-41,-89,-49,-32,-111,-96,-71,-33,-67,-37,-88,-39,-75,-24,-47,-35,-57,-4,-58,-73,-103,-72,-68,-86,-7,-76,-2,-17,-26,-100,-79,-56,-62,-74,-81,-97,-52,-99,-5,-34,-95,-69,-36,-27,-60,-109,-42,-110,-20,-66,-22,-85,-92,-105,-63,-19,-55,-90,-9,-48,-23,-83,-61,-10,-108,-78,-104
-70,-15,-17,-97,-46,-29,-36,-47,-75,-107,-108,-56,-10,-8,-72,-33,-20,-91,-45,-14,-39,-16,-80,-21,-7,-1,-102,-103,-48,-3,-94,-41,-76,-73,-101,-13,-86,-18,-81,-5,-93,-42,-40,-9,-96,-35,-43,-11,-67,-105,-32,-61,-78,-90,-64,-6,-63,-69,-27,-66,-51,-57,-83,-53,-87,-77,-24,-74,-111,-52,-106,-89,-2,-26,-88,-22,-25,-60,-23,-44,-100,-85,-4,-68,-98,-50,-109,-79,-37,-55,-112,-19,-99,-58,-104,-59,-84,-38,-95,-49,-110,-28,-62,-82,-12,-30,-54,-71,-31,-34,-92,-65
-16,-30,-111,-1,-55,-13,-49,-79,-64,-91,-99,-34,-47,-63,-69,-48,-43,-73,-38,-74,-29,-52,-84,-17,-90,-3,-80,-27,-23,-58,-89,-19,-86,-39,-46,-42,-102,-31,-81,-56,-72,-14,-40,-66,-94,-71,-67,-20,-10,-5,-9,-75,-96,-98,-32,-54,-112,-97,-106,-50,-15,-45,-2,-36,-82,-100,-25,-108,-83,-104,-35,-110,-57,-4,-92,-11,-68,-51,-41,-26,-62,-93,-76,-12,-33,-95,-85,-6,-78,-21,-107,-24,-7,-70,-59,-53,-44,-77,-101,-109,-65,-61,-60,-22,-28,-87,-37,-88,-8,-18,-105,-103
-46,-79,-76,-56,-80,-32,-47,-89,-103,-30,-111,-25,-26,-100,-51,-60,-61,-91,-45,-83,-23,-110,-59,-36,-42,-106,-53,-41,-16,-35,-43,-52,-19,-34,-94,-28,-73,-65,-39,-17,-1,-8,-4,-20,-29,-18,-97,-102,-108,-6,-74,-24,-15,-99,-33,-96,-27,-88,-58,-14,-98,-37,-31,-92,-87,-48,-101,-70,-84,-55,-3,-49,-38,-71,-104,-78,-69,-86,-13,-2,-82,-109,-54,-77,-22,-112,-40,-57,-81,-75,-90,-67,-66,-105,-85,-93,-10,-72,-107,-50,-95,-12,-62,-21,-9,-44,-7,-63,-64,-5,-68,-11
-58,-106,-43,-89,-80,-92,-75,-57,-91,-17,-19,-37,-53,-3,-98,-79,-95,-104,-76,-72,-2,-73,-26,-63,-39,-69,-40,-111,-48,-9,-70,-24,-5,-100,-86,-35,-16,-42,-6,-90,-87,-55,-102,-51,-1,-78,-29,-49,-97,-23,-59,-12,-99,-56,-36,-94,-74,-14,-20,-109,-46,-31,-4,-13,-108,-30,-38,-77,-21,-28,-32,-93,-68,-96,-45,-44,-22,-62,-81,-67,-25,-27,-47,-112,-105,-34,-52,-15,-7,-66,-82,-8,-88,-60,-11,-50,-83,-33,-41,-85,-64,-61,-71,-54,-65,-84,-10,-110,-103,-18,-101,-107
-74,-85,-1,-12,-34,-65,-49,-47,-94,-55,-19,-30,-70,-21,-5,-27,-53,-56,-102,-88,-28,-41,-77,-37,-58,-42,-112,-104,-10,-35,-105,-59,-52,-81,-16,-31,-97,-7,-32,-71,-75,-98,-108,-15,-79,-72,-87,-109,-20,-46,-14,-80,-84,-38,-96,-73,-54,-103,-86,-18,-107,-2,-4,-111,-93,-61,-110,-24,-40,-6,-99,-13,-78,-57,-82,-11,-60,-25,-50,-22,-9,-29,-66,-106,-92,-68,-64,-3,-8,-76,-67,-33,-36,-95,-101,-90,-23,-43,-39,-83,-26,-69,-63,-89,-17,-100,-91,-44,-51,-48,-62,-45
-61,-38,-111,-40,-17,-13,-7,-95,-64,-32,-52,-59,-12,-65,-77,-88,-91,-56,-30,-78,-19,-93,-72,-14,-31,-81,-47,-96,-20,-76,-53,-11,-86,-51,-62,-97,-6,-106,-5,-18,-108,-83,-28,-112,-1,-54,-45,-39,-66,-101,-25,-15,-58,-36,-8,-89,-46,-82,-23,-43,-103,-24,-69,-29,-33,-109,-10,-4,-92,-104,-41,-80,-84,-71,-100,-34,-94,-48,-50,-9,-2,-102,-63,-67,-79,-87,-16,-37,-90,-70,-99,-110,-105,-98,-27,-57,-44,-26,-107,-49,-60,-75,-74,-68,-3,-42,-35,-85,-73,-55,-22,-21
-5,-79,-66,-36,-104,-53,-20,-91,-35,-72,-33,-101,-56,-23,-75,-40,-30,-78,-105,-32,-97,-14,-107,-7,-18,-27,-106,-55,-8,-63,-59,-10,-110,-70,-64,-34,-58,-24,-112,-13,-51,-25,-43,-83,-54,-89,-88,-57,-47,-52,-31,-102,-111,-93,-22,-44,-38,-41,-42,-15,-9,-11,-1,-37,-85,-28,-4,-76,-86,-81,-68,-62,-21,-12,-90,-60,-45,-92,-16,-80,-26,-2,-100,-6,-61,-69,-50,-19,-46,-94,-95,-87,-108,-71,-17,-67,-84,-39,-49,-82,-109,-98,-29,-73,-65,-74,-3,-48,-77,-103,-99,-96
-91,-95,-27,-92,-38,-77,-82,-28,-50,-68,-90,-94,-36,-59,-93,-72,-40,-31,-44,-41,-99,-69,-87,-98,-5,-46,-75,-49,-56,-86,-101,-11,-70,-79,-1,-29,-61,-43,-67,-54,-53,-83,-33,-3,-58,-19,-26,-84,-110,-100,-71,-88,-22,-9,-52,-102,-107,-48,-8,-85,-62,-25,-63,-30,-34,-109,-104,-10,-37,-78,-106,-12,-18,-55,-4,-15,-51,-111,-47,-81,-76,-23,-24,-89,-39,-66,-73,-65,-80,-42,-97,-16,-13,-108,-96,-21,-57,-14,-17,-105,-20,-64,-103,-74,-2,-32,-7,-112,-6,-60,-45,-35
-51,-68,-60,-24,-29,-99,-97,-6,-28,-100,-45,-90,-69,-37,-103,-57,-9,-86,-27,-52,-47,-101,-54,-10,-107,-62,-17,-108,-53,-61,-34,-1,-79,-15,-55,-31,-72,-102,-56,-73,-3,-78,-94,-74,-48,-36,-66,-21,-87,-91,-38,-109,-20,-33,-13,-96,-112,-92,-49,-82,-75,-7,-81,-32,-59,-83,-26,-22,-46,-58,-63,-85,-30,-65,-14,-5,-106,-18,-76,-42,-93,-98,-4,-80,-35,-70,-95,-84,-88,-43,-111,-23,-44,-77,-39,-8,-64,-2,-104,-11,-105,-110,-40,-67,-12,-41,-89,-50,-19,-16,-25,-71
-56,-15,-38,-8,-96,-76,-29,-91,-98,-24,-3,-95,-58,-48,-25,-110,-49,-37,-16,-68,-21,-88,-57,-11,-83,-89,-100,-84,-19,-106,-28,-41,-105,-101,-112,-99,-97,-5,-80,-45,-33,-107,-22,-44,-52,-75,-71,-62,-85,-27,-1,-82,-46,-34,-64,-12,-69,-39,-26,-61,-103,-30,-42,-17,-73,-6,-51,-78,-77,-86,-79,-10,-9,-7,-59,-94,-87,-92,-81,-70,-104,-14,-54,-32,-93,-74,-102,-36,-43,-67,-4,-65,-31,-20,-50,-47,-111,-63,-40,-72,-60,-2,-53,-90,-23,-55,-18,-108,-13,-66,-35,-109
-88,-76,-18,-79,-34,-106,-112,-104,-103,-95,-20,-93,-19,-107,-71,-38,-3,-102,-64,-82,-74,-48,-13,-84,-98,-28,-101,-17,-94,-99,-81,-2,-31,-27,-56,-6,-37,-51,-70,-45,-65,-24,-30,-110,-109,-78,-97,-32,-29,-80,-8,-61,-4,-43,-9,-35,-77,-14,-47,-66,-90,-63,-100,-58,-15,-92,-7,-40,-55,-62,-44,-89,-60,-12,-108,-22,-25,-59,-83,-41,-10,-54,-33,-16,-91,-26,-1,-73,-105,-69,-72,-49,-53,-52,-23,-85,-36,-87,-39,-46,-50,-21,-68,-111,-67,-11,-5,-57,-75,-86,-42,-96
